0 Logo Vodafone Image - Ring
0 Name: logo-vodafone-image-ring.dat
0 Author: Massimo Maso [Sirio]
0 !LDRAW_ORG Primitive UPDATE 2026-02
0 !LICENSE Licensed under CC BY 4.0 : see CAreadme.txt

0 !HELP Exact dimensions X = 10; Z = 10

0 BFC CERTIFY CCW

0 !HISTORY 2026-03-06 [OrionP] Official Update 2026-02

0 // Primitives
1 16 0 0 0 5 0 0 0 1 0 0 0 5 1-8chrd.dat
1 16 0 0 0 0 0 5 0 1 0 5 0 0 1-16chrd.dat
1 16 0 0 0 -5 0 0 0 1 0 0 0 5 1-4chrd.dat
1 16 0 0 -.15 2.75 0 0 0 1 0 0 0 2.65 3-16ndis.dat
1 16 0 0 -.15 2.75 0 0 0 1 0 0 0 -2.65 2-4ndis.dat
1 16 0 0 0 -5 0 0 0 1 0 0 0 -5 1-8chrd.dat
1 16 0 0 0 0 0 -5 0 1 0 -5 0 0 1-8chrd.dat
1 16 0 0 0 0 0 5 0 1 0 -5 0 0 1-8chrd.dat
1 16 0 0 0 5 0 0 0 1 0 0 0 -5 1-8chrd.dat
0 // Faces
4 16 0 0 5 1.3809 0 4.5391 2 0 4.5768 1.9135 0 4.6195
3 16 0 0 5 .7721 0 4.4207 1.3809 0 4.5391
3 16 0 0 5 .184 0 4.2237 .7721 0 4.4207
3 16 0 0 5 -.3732 0 3.9513 .184 0 4.2237
3 16 0 0 5 -.8899 0 3.6083 -.3732 0 3.9513
3 16 0 0 5 -1.3573 0 3.2006 -.8899 0 3.6083
4 16 0 0 5 -5 0 0 -1.7673 0 2.7352 -1.3573 0 3.2006
4 16 .5796 0 2.8457 .55 0 2.5 .55 0 2.4406 .7117 0 2.4096
4 16 .5796 0 2.8457 .7117 0 2.4096 1.0524 0 2.2983 .6674 0 3.1814
4 16 2.75 0 2.5 .811 0 3.4972 .6674 0 3.1814 1.0524 0 2.2983
4 16 2.75 0 2.5 1.2471 0 4.0337 1.0061 0 3.7841 .811 0 3.4972
4 16 2.75 0 2.5 1.8376 0 4.3933 1.527 0 4.2388 1.2471 0 4.0337
4 16 2.75 0 2.5 2.5 0 4.33 2.17 0 4.4929 1.8376 0 4.3933
4 16 2.75 0 2.5 3.5355 0 3.5355 3.044 0 3.967 2.5 0 4.33
3 16 -5 0 0 -2.1129 0 2.2201 -1.7673 0 2.7352
3 16 -5 0 0 -2.388 0 1.6642 -2.1129 0 2.2201
3 16 -5 0 0 -2.5879 0 1.0771 -2.388 0 1.6642
3 16 -5 0 0 -2.7093 0 .4689 -2.5879 0 1.0771
3 16 -5 0 0 -2.75 0 -.15 -2.7093 0 .4689
4 16 -5 0 0 -3.5355 0 -3.5355 -2.75 0 -2.8 -2.75 0 -.15
4 16 5 0 0 3.5355 0 3.5355 2.75 0 2.5 2.75 0 -.15
4 16 5 0 0 2.75 0 -.15 2.75 0 -2.8 3.5355 0 -3.5355
4 16 0 0 -2.8 -2.75 0 -2.8 -3.5355 0 -3.5355 0 0 -5
4 16 0 0 -2.8 0 0 -5 3.5355 0 -3.5355 2.75 0 -2.8